82 137
34 25 37 5 5 14 39 36 35 10 39 23 39 11 41 41 38 43 19 4 8 35 5 30 17 14 20 33 20 10 15 18 26 23 40 9 21 13 36 1 16 2 27 6 24 22 13 41 29 26 32 34 33 26 3 29 33 17 30 21 15 24 26 25 22 36 34 31 13 42 4 6 32 38 25 8 35 28 18 4 22 13 
16 6
57 12
7 14
76 60
67 43
82 41
62 68
12 76
6 58
43 8
74 81
52 24
66 19
35 73
73 12
24 76
11 33
66 60
48 19
12 67
48 81
5 64
57 22
11 38
79 40
30 37
50 26
63 53
64 13
36 9
49 37
27 48
36 30
1 18
78 41
35 72
82 9
37 7
53 43
72 20
53 19
70 44
66 38
32 57
72 32
43 18
72 79
45 65
15 25
35 82
25 64
25 5
82 27
31 23
62 43
25 55
28 74
79 25
72 65
51 15
50 37
13 77
19 68
50 51
30 53
21 50
32 41
11 69
9 29
71 45
71 35
37 61
4 53
82 76
63 68
67 27
53 66
52 26
68 56
10 80
47 20
49 8
28 5
27 41
80 22
29 47
34 50
62 14
32 74
24 53
33 13
23 59
24 15
36 49
11 2
33 14
42 45
59 9
31 18
1 46
42 4
32 25
63 6
76 55
64 2
14 6
67 53
77 46
65 22
10 39
29 55
57 36
82 66
15 38
79 3
47 18
77 53
24 31
60 25
31 37
6 30
26 80
7 51
66 22
44 59
24 65
74 54
13 26
77 1
62 26
52 43
48 64
81 43
14 71
36 41
13 35
3 67
